353 112328
38 239892
300 112325
350 100581
63 80879
146 80999
330 80756
8 78682
203 99371
390 501344
366 81976
184 224168
99 100574
183 100577
9 89575
130 217616
89 240893
250 217630
45 99368
4 80747
167 80987
47 100584
64 100585
148 89568
90 100586
126 100587
72 217626
161 100589
48 630409
6 112304
211 89592
377 112303
382 286542
86 100560
87 109379
120 100561
50 614244
255 613399
216 81511
82 99392
308 81514
147 80788
290 124765
105 80786
251 100554
362 80780
325 582371
123 112412
13 100570
262 240875
335 249693
259 81985
385 78694
59 80771
349 81503
132 80774
131 100562
173 100564
195 100565
237 100567
345 89585
288 100569
108 217546
101 240682
29 123021
260 81409
208 115754
54 123022
223 77270
56 81768
140 76061
309 77274
357 549445
84 81531
348 126402
280 93507
109 254605
232 217798
164 217795
179 115623
231 115625
388 77264
383 81765
363 80793
117 80799
222 123003
57 80797
129 81520
279 601262
246 123004
294 112360
317 262330
180 113317
229 676408
281 73923
79 218776
214 112347
389 93534
39 76083
269 81669
303 81315
359 612263
34 100597
220 112335
78 113300
245 122020
145 81416
185 81418
174 81782
258 252350
248 124270
336 89619
200 277882
23 80920
342 77638
346 112293
65 98679
369 98675
17 124264
334 99762
52 518280
257 638765
67 277997
115 77866
238 89602
206 89600
319 112162
30 77629
21 222958
28 222959
378 222957
387 217000
119 555224
97 80937
150 123039
341 76442
85 123036
194 77775
44 112154
127 80808
354 218100
55 115644
391 80802
144 280902
199 98694
340 80930
278 141997
61 89620
118 217148
106 618542
268 80836
81 281828
190 81803
274 114150
114 115482
170 115484
135 119601
311 223938
160 652607
0 243535
3 208453
31 208454
338 502408
371 275251
243 313573
19 80864
111 114134
49 80983
215 124048
14 112179
134 124044
103 223955
102 278862
10 510378
219 620703
233 754229
75 98606
189 98727
165 98726
253 72579
204 98728
210 268533
327 73787
228 224953
177 224951
51 119637
91 72572
329 224957
213 224835
302 224956
275 224955
207 279426
298 81177
93 234752
157 80083
263 84440
367 84561
239 80087
304 98719
380 120988
53 602600
293 77917
12 224948
244 98717
285 73799
122 72586
291 94350
76 98710
96 119625
37 217193
41 654030
333 81049
98 223860
22 81169
175 81042
314 81165
36 120977
16 98629
95 224856
163 677260
191 258705
218 258824
42 119623
35 81192
159 271801
242 126260
297 266322
27 209356
88 224843
370 98731
375 578305
18 578306
356 507339
92 77804
80 98641
171 98644
73 98640
360 659532
193 77714
202 320038
264 268207
344 98639
234 268206
224 94399
240 281658
187 77700
7 77944
11 81087
128 235513
1 77827
307 81082
318 122715
137 209382
347 119658
70 75662
107 226834
104 119661
247 258626
46 225873
379 224783
205 119665
339 122703
361 74583
156 119650
322 119657
141 73943
5 73821
267 111751
198 93435
230 142261
324 78046
77 81215
15 100617
331 81459
71 100619
110 81450
217 239800
236 100610
166 73957
182 113927
197 113928
381 73950
201 223219
149 223217
43 119355
196 100504
133 81204
226 100505
241 122998
252 100506
358 595373
277 100507
320 100509
261 81444
323 1119270
138 119593
227 73947
172 109413
384 93335
26 564652
66 93338
125 93457
169 109412
289 249712
376 292142
249 224214
372 81237
2 84502
158 81110
40 73718
225 268240
112 557193
155 268228
192 109426
295 73855
296 93569
176 81466
283 81103
235 217807
62 81461
272 600113
337 73727
351 100602
368 93477
287 73985
254 94326
74 114942
343 93593
60 100537
121 82105
188 1225375
355 224241
162 81019
256 84522
273 81375
328 81377
100 81251
94 217813
316 73739
24 93467
143 73757
306 111423
266 111422
113 109367
153 93589
32 259593
212 93340
136 82578
365 81249
116 81004
292 81246
374 81367
221 100540
186 81241
282 100542
25 272668
301 81363
315 585414
326 100544
286 81480
373 100547
154 217721
58 94344
310 109454
284 478253
352 111530
312 109571
265 109452
83 111418
386 81038
168 223053
178 81397
321 81035
124 81394
332 217715
151 119382
270 74626
271 113940
33 94330
68 82116
181 223041
139 100527
209 224130
276 224250
305 223046
20 82114
152 310867
364 81141
313 81022
142 601762
299 217844
69 1049387
