4:45,61,65,238,319,323
8:13,22,26,31,43,46,77,78,84,85,92,98,109,110,126,137,141,146,157,178,184,187,196,206,208,212,219,229,240,249,255,257,259,270,297,315,350,353,354,370,375,389,391
14:3,5
19:35,210
7:55,293,368
15:67,106,124,262,338
5:57
18:71,125,131,185,198,290,328,336,378,385
6:0
0:1
2:7
16:2
9:4,313,373
3:139,347
17:10,14,16,19,20,21,27,29,30,36,37,38,40,47,51,56,59,70,73,80,87,88,89,99,101,102,112,117,118,121,134,136,149,150,152,154,159,160,163,164,167,168,171,177,182,183,188,189,192,197,199,201,209,211,213,215,216,217,220,227,230,231,232,233,234,236,241,244,248,252,253,263,265,267,279,281,287,292,302,310,311,312,316,329,332,337,342,344,348,351,352,361,369,374,387
12:6,8,12,15,18,24,25,28,32,34,41,42,44,48,49,52,53,54,58,60,62,63,64,66,68,69,75,79,81,82,83,86,90,91,94,95,97,100,104,111,113,114,116,119,120,122,129,133,140,143,147,148,151,156,158,161,162,170,172,173,174,176,180,181,186,190,193,194,195,200,202,204,214,223,228,235,237,239,242,243,245,246,247,250,254,258,261,264,266,268,269,271,273,274,275,277,278,284,285,286,288,291,294,298,299,301,303,304,305,308,314,322,324,326,327,330,333,335,339,345,349,359,365,367,371,372,377
13:9,11,17,33,72,74,103,105,108,123,128,130,132,135,138,142,144,145,153,155,165,166,175,179,191,205,207,218,221,224,226,251,256,280,282,295,300,306,307,309,320,325,331,341,356,357,358,362,363,376,379,380,381,382,383,384,386,388,390
1:39,115,225,260,272,283,289,317,343,346,360,366
11:50,334
10:23,76,93,96,107,127,169,203,222,276,296,318,321,340,355,364
